Rk,Player,Age,Pos,G,GS,MP,PER,TS%,3PAr,FTr,ORB%,DRB%,TRB%,AST%,STL%,BLK%,TOV%,USG%,OWS,DWS,WS,WS/48,OBPM,DBPM,BPM,VORP,Awards,Team,Season
1.0,Jalen Wilson,24.0,PF,79,22,2031,9.5,0.541,0.584,0.266,4.0,11.4,7.5,10.8,1.0,0.2,10.2,16.6,0.9,1.0,1.9,0.046,-2.6,-1.3,-3.9,-1.0,,BRK,2025
2.0,Keon Johnson,22.0,SG,79,56,1925,10.4,0.499,0.515,0.178,3.5,14.5,8.8,14.6,2.1,1.5,12.1,21.7,-1.3,1.9,0.5,0.014,-3.1,-0.1,-3.3,-0.6,,BRK,2025
3.0,Nic Claxton,25.0,C,70,62,1882,16.5,0.569,0.037,0.271,9.0,22.7,15.5,13.7,1.6,5.3,12.0,16.8,1.8,2.5,4.3,0.11,-1.1,1.5,0.4,1.1,,BRK,2025
4.0,Cameron Johnson,28.0,PF,57,57,1800,18.2,0.632,0.546,0.301,3.3,12.8,7.8,18.5,1.5,1.4,10.5,22.9,3.8,1.3,5.1,0.137,3.5,-0.4,3.1,2.3,,BRK,2025
5.0,Ziaire Williams,23.0,SF,63,45,1541,11.9,0.55,0.581,0.237,4.3,17.5,10.6,8.5,2.0,1.8,10.5,18.2,0.5,1.6,2.1,0.065,-2.2,-0.1,-2.3,-0.1,,BRK,2025
6.0,Tyrese Martin,25.0,SG,60,11,1315,10.9,0.533,0.606,0.125,4.8,14.6,9.5,14.6,1.3,0.7,13.1,18.8,0.0,0.9,0.9,0.033,-1.4,-1.2,-2.6,-0.2,,BRK,2025
7.0,Noah Clowney,20.0,PF,46,20,1042,9.2,0.516,0.702,0.215,4.5,15.8,9.9,5.9,1.1,2.0,10.2,19.0,-0.3,0.8,0.5,0.023,-3.1,-1.0,-4.1,-0.5,,BRK,2025
8.0,Trendon Watford,24.0,PF,44,6,913,13.0,0.557,0.251,0.349,4.4,16.0,9.9,21.0,1.5,1.3,17.1,23.3,0.0,0.8,0.7,0.038,-2.3,-0.8,-3.1,-0.3,,BRK,2025
9.0,Day'Ron Sharpe,23.0,C,50,2,908,19.7,0.568,0.142,0.233,17.8,23.8,20.7,16.8,2.3,4.6,15.3,19.9,1.3,1.4,2.7,0.141,0.0,0.9,0.9,0.7,,BRK,2025
10.0,Ben Simmons,28.0,PG,33,24,825,12.6,0.562,0.0,0.153,3.9,20.5,11.8,41.6,1.6,1.9,32.7,14.3,0.3,0.9,1.1,0.065,-2.4,1.4,-1.0,0.2,,BRK,2025
11.0,Cam Thomas,23.0,SG,25,23,781,18.0,0.575,0.43,0.333,2.1,10.4,6.0,22.9,1.0,0.3,10.6,32.6,0.8,0.4,1.2,0.071,2.8,-2.6,0.3,0.5,,BRK,2025
12.0,Dennis SchrÃ¶der,31.0,PG,23,23,772,16.0,0.588,0.462,0.249,0.6,9.9,5.0,33.4,1.7,0.5,14.1,23.8,1.1,0.5,1.6,0.099,1.1,-1.1,0.0,0.4,,BRK,2025
13.0,D'Angelo Russell,28.0,PG,29,26,717,15.1,0.508,0.587,0.281,1.8,11.6,6.5,36.6,2.3,2.6,13.6,25.9,0.2,0.7,0.9,0.063,0.8,0.2,1.0,0.5,,BRK,2025
14.0,Tosan Evbuomwan,23.0,SF,28,0,665,11.6,0.53,0.35,0.332,5.2,15.8,10.2,12.9,1.8,1.5,13.4,19.1,0.0,0.6,0.6,0.044,-3.0,-0.3,-3.2,-0.2,,BRK,2025
15.0,Dorian Finney-Smith,31.0,PF,20,20,579,12.2,0.613,0.679,0.151,5.8,12.3,8.9,8.2,1.5,2.1,9.6,14.2,0.7,0.5,1.1,0.094,-0.1,0.1,0.0,0.3,,BRK,2025
16.0,Shake Milton,28.0,SG,27,1,492,12.8,0.58,0.459,0.21,3.5,8.5,5.9,20.6,1.5,0.2,10.4,17.0,0.7,0.3,1.0,0.093,-0.8,-0.2,-0.9,0.1,,BRK,2025
17.0,Reece Beekman,23.0,PG,34,4,465,7.2,0.395,0.377,0.198,2.8,6.7,4.6,18.9,3.4,0.4,15.4,12.8,-0.4,0.5,0.1,0.005,-6.8,1.2,-5.6,-0.4,,BRK,2025
18.0,Maxwell Lewis,22.0,SF,21,1,298,10.6,0.526,0.49,0.098,5.8,14.8,10.1,9.0,1.3,2.3,10.1,17.4,0.0,0.2,0.3,0.041,-2.9,-1.0,-3.9,-0.1,,BRK,2025
19.0,Drew Timme,24.0,PF,9,2,254,11.0,0.5,0.343,0.157,7.3,22.5,14.5,13.1,0.8,0.4,12.1,21.3,-0.1,0.2,0.0,0.009,-3.9,-2.8,-6.7,-0.3,,BRK,2025
20.0,Dariq Whitehead,20.0,SF,20,0,246,9.4,0.58,0.771,0.052,1.8,12.1,6.7,7.8,1.2,0.4,13.3,20.1,-0.1,0.1,0.1,0.01,-1.5,-2.2,-3.7,-0.1,,BRK,2025
21.0,Killian Hayes,23.0,PG,6,5,162,12.7,0.559,0.488,0.279,3.3,9.6,6.3,28.6,1.2,2.5,15.7,15.5,0.2,0.1,0.3,0.095,-0.5,-0.1,-0.6,0.1,,BRK,2025
22.0,Tyson Etienne,25.0,PG,7,0,151,5.6,0.488,0.846,0.192,2.2,4.7,3.4,11.9,1.0,0.7,12.4,18.6,-0.1,0.1,-0.1,-0.021,-5.7,-3.1,-8.8,-0.3,,BRK,2025
23.0,Cui Yongxi,21.0,SG,5,0,10,-10.7,0.19,0.429,0.286,0.0,23.8,11.4,0.0,0.0,0.0,0.0,34.4,-0.1,0.0,-0.1,-0.473,-16.8,-8.2,-24.9,-0.1,,BRK,2025
24.0,Jaylen Martin,21.0,SF,3,0,5,12.8,0.75,0.5,0.0,0.0,0.0,0.0,0.0,0.0,0.0,0.0,17.5,0.0,0.0,0.0,0.112,4.0,-0.6,3.4,0.0,,BRK,2025
,Team Totals,,,82,82,19779,,0.552,0.458,0.24,,,,,,,,,9.6,17.2,26.8,0.065,-1.3,-0.3,-1.6,2.0,,BRK,2025
